you1007ix 4636 2726 4832 1750 3313 2282 
bell1234y 1740 2946 4535 3445 1298 805 
evaiuv456 4501 4250 136 1261 4980 4839 
natohannaxia 4849 2106 1066 3773 792 4525 
evaiaceorex 3140 4772 4276 4255 839 2716 
youoculo 2701 2817 321 654 2932 1926 
youequis789 2001 564 3901 2246 793 1366 
xani1234456 4772 2007 1410 1840 4154 3424 
manguiusus 3488 3580 2322 3729 2081 4820 
evaimacaxia 2689 3136 2124 3520 3474 439 
samguius 2089 4117 4012 2469 52 4581 
sam5678ais 78 4125 3748 699 4832 4808 
natoaduro 2457 178 3717 1024 2698 627 
evaiuvimus 3773 2719 1052 2845 4663 2133 
manamoraaxia 178 447 4904 2755 1981 4078 
natoimacorex 1743 4581 1366 1858 2902 4087 
evaille456 2236 3338 1291 4234 4066 1565 
youoculy 2717 2089 2950 3605 1217 2901 
natoequisor 2123 3061 4586 1981 793 1694 
natoequiath 1933 4217 1476 103 1378 3846 
maneducy 3147 4487 3161 1394 4052 4544 
samorbisimus 1743 2006 2344 3145 194 3773 
youguiuso 4649 10 4388 2817 1840 3937 
youguiusor 132 4028 2138 1932 1961 3289 
man1007007 874 4355 2328 2318 164 2340 
sam1234ith 2902 4679 1222 118 3702 2975 
mananimitur 4125 3017 3557 983 3631 4711 
bellguius 1826 2662 765 1456 983 2763 
samanimath 4461 4986 1649 3803 1633 827 
youocul789 3337 1150 1746 765 2442 4834 
bellaesith 1383 651 839 463 4848 3319 
xaniobeith 3235 80 200 3669 2124 2865 
natoguius 688 362 1701 4257 240 1050 
bellorbisy 2070 696 73720 32 3517 2231 
samhum456 478 3647 3374 2262 3795 1722 
nato5678456 4160 4985 3169 684 2048 886 
bellequis007 131 4725 2956 4214 4793 2284 
bellextr 3319 1199 2082 3725 4355 4867 
manadurimus 3249 3445 4985 3715 3923 3975 
manineptath 3071 1724 2235 4831 3154 3261 
bellille789 1045 2001 2692 4397 3122 1150 
samorbisox 4870 2235 827 3017 3204 762 
youaesator 3850 1378 4493 2617 3377 2845 
youiuv456 4517 2587 3583 1273 2606 2552 
bellguiusorex 3971 1255 2002 1476 4208 1016 
natoinept123 3010 3471 3591 1351 3903 2465 
man-ox 4278 479 2742 1285 4752 4246 
sam5678us 4679 3374 4730 276 399 3852 
sameducitur 2080 4819 4372 3471 4424 4066 
evaequisimus 4466 755 1750 4834 3785 2851 
natoobeath 2696 3022 1655 3150 2344 118 
eva1007ix 2891 4703 1445 350 3014 4598 
bellilleus 838 3638 2911 1183 2951 2361 
manhanno 3751 1472 4072 349 4981 684 
maninept 4636 4742 4975 1448 1971 1024 
evaimacix 2696 4461 4230 2807 1673 1351 
youiuvath 4801 2174 4636 1865 3975 1081 
bell5678orex 3471 564 349 2328 3147 4801 
natoille 369106 4096 4248 1834 3331 1218 
samiuvix 3541 3904 2743 4724 1030 3942 
xani_ais 3587 2156 1217 3687 1941 3326 
natoanimator 739 3017 3963 1178 2180 4388 
samanim007 2430 4899 3520 4649 2465 1214 
samobeais 2704 1214 2662 2483 3655 2662 
evahum007 2216 3322 392 733849 949 3994 
you-o 2001 4167 1676 2564 3322 4052 
natoamora 1865 796 1889 3903 3904 2465 
manoculimus 1694 3848 3465 4174 4535 2218 
evahumox 2960 1865 653 3359 1530 1624 
evaiuvitur 3627 2425 4791 4046 4437 945 
xani_y 1885 1087 4096 1751 4556 3729 
natoeducix 2246 4022 4792 4221 3591 4693 
youhann 2045 4750 3185 874 1271 2812 
bellaesy 934 849 425 1902 4592 378 
sam5678itur 2497 3655 1081 914 2956 3359 
youanimo 762 511 3715 1676 1431 3249 
xaniapollitur 2891 4409 2848 279 4598 1995 
natoequio 2236 3903 2727 1865 1066 1291 
xaniadurix 2123 3994 4703 1686 3573 2425 
bellimacais 2756 537 3031 2001 3751 2824 
man5678ith 1478 3757 397 3751 3374 3313 
youadurais 502 2807 378 4363 3282 3187 
you1234456 1865 2975 2909 3795 1431 4255 
sam1234o 4246 3202 4363 3456 260 2119 
evaequisaxia 170 2963 4808 4330 4996 66 
you-or 2845 828 1677 3621 3748 1961 
youapoll123 4406 4820 1711 2468 1494 2322 
eva5678007 369106 4575 4629 1750 1221 929 
sam1007ath 4861 4043 3717 3331 1596 625 
man1007imus 3994 3628 1208 2956 1892 3949 
natoaesaxia 58 3963 1530 378 221 3958 
bellhumor 3016 4426 2756 2664 3952 2728 
samamoraath 4049 4695 984796 1410 3370 835 
evaobeais 4900 4067 1833 3852 1840 78 
xaniorbisy 1694 2119 1588 3942 1529 875 
natoguiusox 1410 449 4980 3572 4629 4445 
manadur007 1635 2265 3707 796 1600 2284 
xaniorbis 1932 2324 3675 69 379 333 
natoeducorex 1635 3374 2238 2727 3822 4870 
samiacey 2717 501 4808 1411 2457 4330 
xanioculimus 2089 3206 893 2927 3669 2939 
xanianimath 942 190 469 1087 1673 3184 
xanihumith 447 3335 3696 2956 3233 3769 
xanihumy 3665 4835 4322 4022 1786 3233 
youiuvox 4692 4278 448 4940 1635 3311 
xani5678um 198 4649 3850 2625 4906 2777 
bellhumo 198 1351 1476 3923 1743 1448 
youhumix 4980 2344 4053 1044 1208 4014 
samobeath 1066 346 1885 1450 3596 1864 
you5678ox 4330 2552 1314 358 3600 3621 
maneduc 914 3923 3508 983 934 3951 
bellimacath 1235 4695 4429 1623 4663 929 
manhannum 3204 2631 1633 942 334 2246 
manaesath 1834 4692 3061 4670 1577 467 
xani1007ox 901 3140 4445 1750 3766 799 
bell5678ais 580 48 1337 3284 1120 3852 
xani1007007 1141 1179 2911 304 2966 350 
sam_um 1654 463 4975 2956 2775 2442 
bellanim123 2324 658 1681 1767 4253 2743 
bellguiusith 4160 3112 1141 4257 409 2556 
sameduco 3618 3773 4793 2252 4854 338 
bell1234ais 3976 255 874 4294 2763 95 
xani_ 1530 4581 447 537 4363 1251 
man_ox 276 3669 260 4586 4740 3720 
bellequisath 3598 4998 1052 164 210 4544 
samextrith 1578 3334 1525 4535 2742 1314 
bellextrator 469 3061 1623 992441 3022 2978 
man1234123 4848 2950 1044 2480 1315 704 
xani1234ais 2133 1218 3070 2664 3852 276 
natoadurorex 796 4692 1634 4053 937 1273 
natoimacith 625 479 4940 4742 3587 3143 
xani1007us 3261 1530 42278 3342 2421 3757 
sam1234ator 202 4167 2875 2530 3950 2596 
eva5678axia 32 4739 428 194 4960 1889 
bell_y 3150 4409 221 4417 1371 3687 
youequis 3751 1335 2950 835 4046 1199 
youineptator 3014 476 1081 2300 1692 886 
bell1007um 3633 1407 2726 64 4072 4792 
samaesy 3022 4434 1020 3098 2702 3102 
youineptais 449 4670 3479 1540 3456 126 
youequiorex 1079 3677 3642 4819 501 132 
youiuvith 2807 4832 2940 164 910 177 
natooculum 792 2081 4832 796 4854 3795 
man1007ith 2922 177 4819 2807 4301 793 
samiuvy 2845 2966 929 2395 2442 4940 
xanieduc 3449 3600 2106 4192 279 245 
natoiaceath 2421 4276 526 4142 4115 2014 
samguiusix 4452 4462 1731 3319 3766 315 
evaanimath 1050 138 4557 2662 4067 3729 
bellhumais 3449 2777 4535 2135 3168 925 
mananim456 4043 48 945 4501 610 2552 
xanieducith 3365 4725 3844 3268 2946 2756 
youoculais 2898 4636 3633 3322 4301 3359 
natohannath 793 4509 4192 2960 2344 1535 
bellequisith 4314 1044 3950 3150 3311 1525 
samimac007 198 708 2027 1291 3702 366 
eva-o 3720 3931 794 22 2474 3748 
natoequisy 1740 490 2284 3321 2860 2939 
evaiuvum 2180 1686 2564 1603 3717 2284 
evaadury 1120 1378 3417 1525 3636 3465 
bell1007ator 3973 3083 4248 2483 4452 2070 
evaoculox 1623 4214 2298 2035 4396 4964 
samaesitur 1476 2142 1225 4248 2014 3254 
samoculimus 3874 4961 4299 1024 3377 478 
samocul007 2909 4234 4437 4900 4253 1413 
manguiusorex 4575 993 2701 4501 704 3638 
bellhannimus 380 2802 4975 279 1189 1314 
youequisaxia 439 4354 4986 576 4230 2012 
bellequium 1275 4763 409 2770 4385 58 
manamoraor 2469 2696 894 479 2717 739 
manilleorex 3249 2777 3976 704 1578 1478 
xaniilleus 3026 3122 145208 3147 4733 4819 
bellille007 4735 1571 1141 2133 2652 143 
youille123 4684 3369 3341 2963 3022 4294 
youaesais 4735 1731 4072 1285 2254 914 
sam5678456 4535 2119 1120 4930 4711 893 
man1234ix 4235 4927 559 1152 1535 2988 
manhum123 4049 4355 2254 794 1178 937 
youorbisum 576 3414 371 2219 1826 3729 
evaequisorex 4930 4301 2340 3154 358 894 
youobe789 2679 2649 4832 2825 3845 1222 
manobeix 3072 4452 4302 75 2023 4672 
bell1007123 3249 3931 3289 1941 4997 3958 
samhumy 2717 2534 3976 1635 2235 3975 
manhumox 1445 839 3010 3963 3161 3761 
you-y 3083 3008 4046 286 4679 333 
bellapollox 4525 2277 2690 1746 4194 2552 
bellineptox 2901 2021 1858 3282 1079 1255 
natoobeorex 537 4739 2493 711 3901 103 
youextrais 4388 2901 4385 4966 439 2552 
bell-us 3010 3322 479 3751 4487 1261 
xanihannus 4067 141 146 3863 141 1193 
evaiuvith 3195 138 2631 2763 2992 2254 
samamoraus 1413 288 3414 2596 1983 539 
maneducimus 1948 2254 4436 4712 2807 4937 
manhumo 3471 4752 2142 4725 3282 4870 
xani-o 3311 64 1411 3591 937 539 
evaiaceimus 2442 739 4487 4401 1221 2728 
xanieducum 1044 1932 2664 145208 4452 2742 
xaniinepto 1686 3677 3474 711 1767 1214 
xanihann456 2875 1872 143 2763 1337 2613 
eva1007007 2317 593 1315 4812 2442 2174 
natoguiusator 1394 1206 2277 3751 3753 2070 
evaiuv 240 334 1792 688 564 428 
evaamoraor 4834 4544 2806 4276 2180 3712 
samaduritur 4069 138 2995 3481 2860 945 
youorbis007 4387 3331 2719 733849 4049 1902 
xanianim007 2790 2330 3010 3456 369106 654 
xaniorbisith 3450 365 2975 146 1011 10 
samanimo 539 1261 164 4996 2080 2335 
man5678um 358 2571 511 1275 1314 925 
nato-ator 934 210 4005 2763 3541 622 
man_007 526 4462 2318 1366 1079 2142 
sam_orex 4096 2315 1529 1948 4592 739 
bell5678or 2318 3972 986175 4066 3951 1096 
maniaceo 3696 2135 255 447 4388 2354 
maniaceum 1961 1479 4078 113 2322 109 
natoiuvitur 1633 3162 937 2469 2530 3147 
bell1007us 4012 1759 1127 3874 3168 3882 
you5678ith 3444 1053 4434 1681 1053 4250 
xani1234ox 1601 2791 1743 870 2048 1020 
bell_ator 2564 2588 1207 346 1383 2318 
sam1007007 1872 4729 4194 1432 3633 739 
nato5678imus 1780 3424 2911 1214 2898 2235 
maneducox 3844 876 2416 3888 3290 4072 
samequiy 2282 198 239 4752 580 1039 
xani1007imus 1751 2690 3331 4493 4156 72 
sam-ais 3771 2995 2992 1081 664 1150 
evaimacorex 4168 3996 4792 4452 2664 2901 
xani_ith 4276 1826 4028 3140 3560 627 
xaniadurus 4828 4057 1383 4980 4936 3203 
natoequis007 1383 4125 4861 1189 66 981 
manobe123 4115 502 1371 4839 3151 796 
eva_007 1368 32 984796 2070 3958 1446 
belliaceimus 4235 4301 4670 4782 2497 3031 
bell1007orex 3573 3963 1410 796 2848 1851 
xani1007y 4835 3010 1603 4957 1479 4399 
evaaesy 257281 4462 4624 245 3335 2649 
evaamoraator 4812 239 1759 2851 3107 478 
youobe456 4517 1723 4142 2407 3251 1926 
xanihumitur 4354 1079 3070 625 1207 365 
youeduco 1544 1530 4850 3773 3061 2992 
natoanimitur 1839 3289 1544 4824 392 3937 
samimacitur 2142 2219 230 981 4053 463 
samapoll456 3424 986175 3520 653 4273 279 
youiuvitur 4273 934 3474 2218 1701 3070 
natoobeator 1183 1681 4087 4535 3474 3053 
youobeaxia 3520 2480 286 884 4820 3870 
evaiaceix 3067 3145 3720 2631 2564 2138 
youobe007 4239 3748 2006 4848 2123 3377 
man1007456 2704 4868 3374 3996 1267 3444 
samiaceimus 4193 2106 2717 1860 2038 3720 
evaadurox 230 3628 4659 3712 3424 3147 
xaniineptais 2986 1746 3026 4242 2825 2300 
samanimor 3950 3251 2106 2023 3290 1600 
belliaceum 4832 4670 4744 4985 3822 3319 
natooculo 13 1759 4429 4930 755 3720 
bell_123 2649 4494 656 4461 276 4078 
evaaesaxia 1421 4679 4493 2978 4366 2344 
manequisaxia 3659 4861 3771 1120 3071 2770 
xaniaesy 4733 2988 1902 1746 2728 664 
nato5678ator 949 3169 3261 1014 1476 2756 
evaamoraath 4730 2271 610 2975 1851 4870 
natoamoraimus 288 369106 1428 3112 255 2613 
evaimac123 3687 3112 1336 4961 3636 4960 
manoculor 1052 1948 369106 449 4557 1164 
xaniocul789 1351 3769 3996 55 4762 4251 
evaiaceitur 1336 1410 4078 3145 1077 1217 
evaorbisus 4208 1292 1543 205 2995 793 
samequisath 3119 1394 4824 2756 2216 4832 
man1234or 3151 22 4005 1472 3720 609 
nato1007ith 4294 3785 3369 2369 284 32 
eva1007 279 1846 55 827 3903 1368 
eva5678 3233 4763 4115 2354 1087 3010 
samguius789 3757 519 4401 80 2284 886 
sam_789 3761 4417 658 849 1740 1099 
you-789 52 3321 2350 4735 1371 448 
natoeduc456 682 723 1483 3268 4731 164 
xani1234axia 4733 2442 3628 4253 4706 4187 
xani_456 3406 4230 4055 1472 1222 1053 
xanihumator 32 461 1017 3474 4311 1221 
sam1234orex 3284 2068 708 3365 1448 3098 
natoeducator 4409 622 75 4020 4235 1711 
natoamoraox 1742 2070 3850 3572 2023 2649 
samimac 2135 1335 1200 4387 717 1222 
youadurorex 3972 1593 1603 3083 1739 3624 
man_o 1285 942 1016 2702 4672 3702 
natoimacor 1178 2988 3204 2875 3071 4835 
natoorbisaxia 3901 652 3669 1189 3771 3845 
natoiace007 107 4868 4273 1081 2817 2416 
evaamoraus 3071 1193 279 2153 2007 4957 
evaeducus 1183 539 4253 1099 4778 2001 
evaocul123 4904 288 358 4937 4966 1200 
natoaesox 627 1410 2193 609 118 3636 
youapollo 4509 365 3214 717 2986 4343 
natoiuv456 2062 3072 929 3761 2335 3996 
natoamoraais 2922 3322 3254 1701 1378 792 
natoiaceum 4246 2465 3591 533 2763 4494 
xaniobeais 723 483 4726 1448 1214 4659 
bellaes 1903 3369 2756 755 2966 1544 
you1007ith 4331 202 4049 3761 1588 3471 
samille 1833 3560 2727 1214 937 4493 
bellhann 1214 863 2330 3950 190 2986 
eva-orex 4487 4194 615 1864 1456 2021 
nato-orex 1892 4363 194 625 107 1204 
man1007o 622 2960 1164 2932 4953 1024 
samineptus 3517 1983 2770 613 3369 3169 
natoapollimus 3023 4140 981 1468 1472 1456 
youextr789 890 2719 4663 2219 260 3850 
manoculaxia 4724 1413 3659 2153 3665 3119 
xaniineptix 1483 3072 4276 4712 2817 2015 
samille123 704 929 2474 3445 136 3093 
natoextrimus 2265 1193 3321 349 499 1204 
youguius456 4055 1767 4839 2238 827 886 
youanimix 1915 4517 4937 3202 2702 2254 
belladurator 4535 3465 276 4424 4748 559 
natoextror 1425 3572 1077 1751 2901 205 
samobeith 2070 198 2802 2174 4493 1314 
eva-um 3331 4033 4366 2252 2515 1214 
belliuvo 656 1540 4976 1759 3214 1840 
samapollus 4782 1600 95 1746 1665 4253 
youiaceus 1014 3444 3450 849 478 1529 
natoaesitur 4069 3665 3631 3325 2178 3184 
xanianim123 3424 1946 937 2235 4399 4793 
xaniocul 3162 1410 2271 827 2021 3606 
samaes456 3950 3377 1016 2381 2613 839 
xanieducator 3606 3971 3688 884 993 2975 
youocul456 3136 1291 2762 2824 2216 3326 
samhann123 2282 4190 1335 4581 2556 3041 
natoamorao 3587 3562 755 3583 2909 2320 
samguiusitur 1079 4005 4791 2719 4388 1434 
bellorbisaxia 4221 511 2728 3616 2133 3359 
belleducus 2625 4125 652 1151 2727 593 
bellapollaxia 276 1275 1565 1743 2330 593 
samapollitur 2515 2812 1445 1759 3753 1206 
evaapollus 3290 1577 10 64 3848 4302 
samiuv456 1655 4868 2902 4706 3823 4731 
manaes456 66 4728 1050 4936 170 2956 
belliuvator 3722 2254 849 3790 1183 3284 
youeduc 2321 3465 1680 3282 4834 2960 
manoculum 799 126 2940 3580 4372 2457 
natoextrith 4703 4899 4012 1593 4762 2298 
natoeducus 2318 1267 2317 3627 1633 2927 
manhann789 284 1142 69 2395 1649 4343 
natoamoraum 699 3628 1335 4066 164 1680 
bell5678ator 4581 4251 4445 1141 4180 2465 
evailleorex 3790 910 3863 4190 942 546 
you1007o 765 78 4302 3249 1150 2689 
evaaduraxia 2467 3162 3251 2825 1434 3573 
xani1234ath 3449 399 3636 1603 4904 3596 
nato_ais 3070 3026 2089 2648 4452 4022 
saminepty 2817 3844 2664 2070 1571 3150 
youilleimus 1579 4014 2988 2690 1235 2858 
natohum123 2902 3823 1050 1120 2807 4049 
samamoraator 2340 321 4294 2322 2089 1351 
xaniequiais 2324 3456 1676 4235 1413 684 
xanioculaxia 4772 874 3145 1948 3931 3647 
natooculox 4762 2425 2698 4936 4835 1711 
manimacath 1378 257281 2995 615 3844 2606 
natoiacey 3417 3071 533 425 3923 654 
youadur456 4140 2344 284 2812 499 996 
bellinept456 221 3321 2480 1948 3596 3707 
eva1234ix 22 3456 1933 4629 3414 2975 
eva1234ator 684 3508 2263 838 3026 2936 
manequisais 4870 4265 3952 2689 564 3655 
natoaesimus 4126 4343 3655 4461 4556 107 
manequiaxia 1995 2119 4049 3606 1739 711 
man-456 1434 4168 4396 1634 2465 4575 
xaniilleox 2282 132 4346 321 2728 3761 
bell_imus 1343 3626 304 3844 2960 3852 
maneduc007 4996 439 2322 4434 3618 2344 
xanihannorex 3520 2845 4043 4867 2692 4167 
samiuv123 4868 3150 4670 3233 2156 230 
samhanny 4323 371 4142 2940 3591 4053 
natoaesum 4744 4323 1677 3896 4839 279 
natoimacais 4072 4997 3184 3633 2193 1543 
natoorbis789 4057 4355 479 4208 4996 3557 
you1234ais 4265 1926 3444 75 3951 1411 
natoineptais 2493 4193 245 3456 4028 3541 
natoilleath 2587 519 4733 2891 949 2606 
samorbisaxia 2328 4557 1792 1494 1016 2588 
eva_123 1677 652 2851 949 3233 937 
youoculum 1302 1343 141 3322 2324 138 
youille789 1903 1961 2752 796 2956 4399 
natohannum 3520 1846 334 876 4446 1421 
you1234imus 1858 1351 3140 2219 3587 4466 
youimacator 4278 610 2062 1445 2932 3488 
bellequisum 380 1218 2335 4693 3716 1577 
manorbisox 4257 245 4079 3147 4927 3665 
bellaesimus 10 420 2975 352 3605 1596 
youamoraix 4907 2480 3753 4985 1635 3326 
you5678ix 4748 463 765 210 2848 365 
samequiimus 4750 397 448 3795 304 3722 
bellobeais 3325 2277 4012 2775 1586 4174 
evaiuvus 3145 2483 2082 3587 118 4049 
xanianimo 2530 4556 2105 3606 4801 4598 
samiuvor 3008 1127 4266 4372 3896 4005 
manobeox 4327 576 1038 476 4868 2235 
natohannitur 4923 210 4239 4257 627 1889 
samextr123 651 1571 2951 1366 107 3414 
sam1007789 2461 3321 1014 4322 3185 4253 
bellamoraus 22 4824 3541 1183 4711 3520 
sam-456 4066 3465 170 2038 3204 1200 
xaniorbisaxia 2344 4366 3311 4005 3326 3624 
xani_007 4385 2936 792 3823 1940 3950 
you1234or 479 1267 3313 4180 2425 4020 
samiuvaxia 2940 365 4535 914 4907 2039 
xani1234orex 4525 4557 4028 2282 4466 1011 
you_imus 2123 2717 3321 2775 4899 4518 
xanieducy 2587 4501 717 3335 3712 3882 
nato1234ator 1586 3151 4684 2631 4544 2616 
samobeaxia 230 4792 4748 170 2727 1410 
maneducorex 4167 2135 762 3150 3624 3202 
belliuvox 2235 2806 765 3677 4212 3347 
natoeducum 4193 1851 1079 1586 483 664 
sameducaxia 1940 315 3769 2001 3031 4806 
evaapollator 813 875 2552 937 3583 3184 
samextritur 894 1483 1179 2421 476 622 
sameduc456 1529 3169 56 2180 200 4693 
bell5678ox 3963 1251 694 2023 717 3331 
you1007123 1694 3023 1079 1411 3268 3572 
evaorbisimus 863 4221 3341 3958 334 2106 
bell1234or 103 1446 3795 4981 425 4828 
you1234ith 2564 1450 3325 2381 4731 1579 
natoguiusus 3331 4839 1291 2082 708 4343 
samaes 2571 4706 4692 835 4752 653 
youequi456 3790 3520 2012 4581 4696 2936 
xaniiuv123 21 200 609 1432 240 3923 
evaguius 4629 4461 1596 3869 463 4819 
samiuvorex 1479 3129 1351 141 2719 3975 
sam5678123 3627 1024 981 2263 3642 4276 
eva1007axia 4861 4609 2474 4022 2756 533 
samanim456 3251 4772 4072 3795 4976 2002 
xaniorbisus 4980 2756 1746 2939 55 2716 
eva1007itur 4928 1940 2235 2767 2951 1208 
natoadur789 2354 519 4346 2756 1204 501 
natoilleith 4587 1410 352 3869 4193 699 
youguius007 910 3562 4636 3374 315 1298 
youaduritur 4575 4586 1792 1818 3513 4187 
youorbis456 2571 828 2997 2048 949 4693 
samapoll 1724 4930 3235 1432 3598 694 
eva1007imus 202 4212 1368 479 4156 483 
xaniguiusitur 4046 4624 1489 2743 929 2324 
bell-007 2939 4043 425 4115 894 1846 
natooculath 4346 3202 1839 4052 4429 2324 
youineptorex 3338 1434 4230 4772 4273 32 
evaiuv123 4255 3325 143 4100 907 177 
youinept 4518 2692 3326 1594 2662 2588 
evahum456 2493 3465 610 2271 564 4752 
evaequisith 3136 452 3162 1432 937 95 
xani5678us 3786 3583 3023 2381 1649 4193 
evahann456 3786 3712 907 449 4340 1137 
natoobe456 2932 4311 78 349 365 2909 
bellapollorex 3031 2588 2625 4012 1378 4010 
saminept007 1750 2008 799 3053 658 4160 
evaeduc 1193 3320 3214 1044 3017 962 
samequiix 3562 4609 1152 3290 2344 733849 
natoocul789 1446 4985 1840 2361 894 3370 
bellextrix 3725 136 2039 489 945 2922 
sam- 1714 1336 1894 1285 3618 2726 
evaadurorex 4242 22 1623 4706 3008 2698 
nato1234itur 1421 2430 593 2330 3560 2901 
samhannimus 3016 4311 2322 3337 4008 1235 
xaniaesitur 4125 64 1413 4586 3185 3624 
youadur 622 3715 2548 3017 1030 652 
evaamora 109 3901 1724 2124 2254 2282 
bellaes789 2318 3481 4346 1915 1456 3202 
natoiuvith 1489 3479 4725 4340 2124 3414 
eva_orex 2802 3140 4930 2480 2664 685 
xaniocul007 22 3334 4354 827 4266 907 
youaes007 4792 610 1826 350 4301 333 
manimacith 2767 799 942 792 1677 4452 
you1007itur 1792 1742 4466 613 3414 4069 
xaniineptitur 1450 3963 255 4624 1298 3008 
xaniiuvimus 4140 1750 3204 4043 4607 4057 
samhannox 4301 3823 3311 3846 1045 2262 
xaniiuvais 2875 1016 3320 4808 4748 654 
bellhumimus 1926 3334 1624 2960 2986 2106 
belloculator 255 3098 4820 2320 1275 1926 
belliuvath 1038 4854 126 1428 2082 52 
samineptox 2315 1255 1826 2048 2262 239 
xaniorbisitur 141 2038 2023 1030 4801 1478 
bellinept 4725 1722 893 95 1222 4069 
xaniapoll007 664 3369 1731 3136 511 257281 
you1007axia 4250 1421 1722 2035 4624 4100 
xaniequi456 4434 4693 321 2324 469 3624 
bellilleator 2450 2763 333 2616 3261 827 
manguiuso 4100 1255 143 3931 164 2322 
youimacy 4706 75 1370 2439 537 1750 
man1007us 793 78 3729 4049 1407 4936 
samadurith 3374 4748 794 2326 723 45556 
xani1007o 3716 2606 3206 2851 609 4346 
natoiuv 376 2178 3169 4436 3688 2802 
xanianimum 2007 109 448 230 2265 992441 
evaimacator 1351 4142 1045 2613 3072 4212 
natohumy 2252 3083 349 4387 1378 4053 
bellineptum 3771 365 2326 1543 2824 1411 
bell-or 3456 4235 3903 2940 3687 2875 
bell1007789 1915 1981 2767 1633 3879 799 
natoextr 2135 2265 3151 2038 4801 4253 
bellguiusator 1292 4679 1750 3707 4366 1267 
evaaesum 2321 1483 3249 3041 805 2911 
mananimox 3931 315 711 2956 1275 3334 
sam-um 136 793 4998 2649 3187 3923 
samamoraix 654 4986 3261 4724 4557 733849 
youhannais 4156 615 2997 3580 2252 3136 
you-ith 502 3627 1601 1052 3070 1635 
xaniaes789 2001 1603 519 2950 4581 1394 
bellequis456 3594 1152 2340 2702 765 1864 
natooculorex 4487 962 4557 2963 1677 3882 
eva-ith 392 1822 1411 66 711 461 
xaniobeus 2806 1600 1189 863 3901 2282 
evaaes123 376 793 1846 1141 1780 2802 
bellguiusath 1540 934 2596 1903 4067 4462 
natoiuvy 198 4387 1673 1571 4726 3147 
natoimacaxia 1571 2407 4985 10 2045 2775 
xani-789 1050 2824 2193 3319 1024 2062 
youeducox 4670 3067 1525 72 2027 3598 
man1234ator 2021 4239 3598 1751 2927 138 
samguiusy 240 4299 132 711 4174 2875 
natoextry 4302 3638 682 4234 1721 4417 
youeduc007 4670 1142 3414 3587 1368 58 
samimacus 1189 884 1650 4985 10 4670 
natoadur456 4532 4981 1428 1456 653 3322 
natoapoll007 3337 1446 3417 2963 4429 799 
xanianimator 1039 1456 1915 3206 2395 3848 
evaobeum 3311 2898 1120 2178 4828 2497 
nato1234ath 352 682 191 3949 2369 21 
evaobey 3795 4193 1593 1141 1178 4340 
bellobeus 2006 4396 3406 3249 4322 3474 
you1007y 4899 1045 1079 3594 3508 2577 
belliuvus 1267 447 805 4712 3939 3626 
manorbisorex 483 3282 3975 4575 2851 1655 
man1234y 3098 2416 664 3882 4711 2975 
saminepto 546 580 2995 2080 2704 3931 
belleducator 2825 4248 4140 2381 1864 664 
you1007ator 2123 489 255 1315 286 2825 
bellorbisitur 4154 2652 476 4733 4323 378 
bellocul123 3481 4401 3136 2105 3017 3973 
sameducais 3642 1412 627 4870 1746 1045 
man_us 3107 194 3720 2138 3369 1677 
youiaceath 1351 1840 103 4399 1044 3313 
nato1007imus 4115 3151 1314 3017 949 2416 
xani1007123 615 3874 4509 1152 1822 3923 
xaniequisus 2951 346 397 2617 1183 1926 
samorbisator 2123 4125 4154 813 1623 1588 
bell5678789 1450 2755 4839 2395 4853 4327 
samineptix 2021 4725 2021 2662 3950 2790 
natoanimum 4212 2106 3083 2381 3369 4046 
bellineptator 4762 1472 2322 306 1494 4126 
xaniorbis007 3444 652 3122 894 2045 4624 
natohannor 358 2416 1915 4174 3261 4436 
youextrox 1673 80 3870 3136 925 103 
evaimacum 1044 1164 3803 3014 1235 1721 
sam-us 4493 2035 177 688 2461 4053 
natoequisus 3481 4301 1024 1822 502 2932 
natoapolly 1227 1476 1366 3848 1150 21 
natohumais 1087 48 3642 4900 3169 2500 
evaamora123 3852 1792 2340 4868 4960 1044 
bellequio 2265 1053 4672 2936 4748 4253 
samextrimus 1624 3254 191 2007 1476 200 
xaniguiusath 4853 200 145208 3249 3471 2123 
manadurais 3785 4899 1030 4980 501 190 
xaniimacy 131 1052 1432 2515 4125 131 
manextr 4180 103 1193 333 3870 3942 
bellextritur 983 3320 685 3456 191 4711 
manobeo 739 2777 1081 3450 3337 3850 
xaniequiimus 1860 4331 1846 835 1011 4927 
evaguiusum 2002 2235 2106 350 910 2807 
evaeducimus 2014 2936 2762 4126 202 1839 
manobeor 1227 1937 4142 502 4417 3696 
youanim456 3129 1903 4294 4017 1050 1971 
eva-itur 3249 3140 1489 2238 2690 792 
bellorbisix 652 3151 143 1544 4900 4017 
samaesorex 4834 4192 4748 2231 3631 3638 
bellequisus 1412 2727 1255 2038 3795 3712 
youhumaxia 420 1750 1127 4180 2704 2219 
bellhann007 2105 4494 3650 73720 4792 1946 
manamora123 2756 2133 1650 3450 2271 3675 
evaextrith 2988 2932 2802 3973 3022 1571 
bellapollitur 2497 3642 1577 3072 4049 32 
evaimacais 3628 3508 1431 4742 3290 3587 
eva5678orex 2142 4752 4078 3790 3636 352 
sam_y 2613 190 1218 2530 3688 4801 
evaimac 1351 1273 1579 202 813 349 
youimacath 2652 1053 4385 3377 4725 1746 
eva1007y 1601 4904 3790 848 2534 1686 
samhannum 2530 1580 4069 4679 3845 1292 
evaeducitur 3605 4487 109 4636 80 2142 
bellextrorex 48 349 4525 4117 4695 501 
bellhannais 2483 914 4692 4629 2465 699 
youimacox 4518 190 1204 3846 2891 428 
nato_orex 576 447 2911 4828 3572 221 
manamoraitur 2263 4587 1218 4212 1665 4819 
natoimaco 69 739 2702 4239 996 1336 
xani-um 4683 362 2298 1577 1432 397 
bellilley 425 1722 1686 3631 4388 4299 
manaesum 4731 2986 2262 4235 4927 4960 
youguius123 3618 1694 2939 4014 863 4592 
man-axia 1478 1431 1179 2848 3751 2791 
manequio 2021 2708 4331 255 4557 3161 
xaniimac007 4742 1370 3417 3143 2875 4436 
natoorbisitur 678 925 1885 610 279 4008 
youiace456 4581 3761 143 3594 2534 3112 
xanihumorex 3774 1425 2698 152 2174 1214 
nato5678or 4426 4861 2395 2742 4079 3474 
xanioculator 4706 4301 349 1746 3636 449 
bellequi007 3014 4872 64 1271 4253 4239 
samoculox 239 126 1926 537 4214 593 
evaanimaxia 2421 4445 2381 839 1677 1120 
natoaesator 664 1011 962 610 4980 177 
xaniequiaxia 4907 4242 890 2812 58 2126 
xanihannith 4487 2992 198 2966 371 4142 
samequiorex 2082 3716 2689 4624 3010 3628 
youilleaxia 2756 1206 72 4706 3675 1525 
manequiath 3365 2564 1686 3370 1851 1201 
bellobeath 4253 2860 1834 3335 1425 4975 
evailleo 688 2689 132 2450 4346 1600 
youhumo 4861 2395 2719 3846 4695 1275 
xaniapollo 56 467 654 2322 3904 4742 
youiuvy 2719 2001 3716 2105 1283 3650 
manorbis007 4052 765 2119 4257 2350 4791 
manapollitur 2483 3863 4230 143 245 875 
sam5678y 3882 1623 1337 1650 1336 4801 
xaniaes 2324 1152 2717 2070 1594 2777 
youequiator 366 1255 2318 2008 1593 2468 
man-123 3942 4906 2530 2081 2178 794 
bellequis789 3720 1183 4140 2825 4868 1206 
xanihann123 1434 1593 3337 3687 2080 3185 
evaequis007 3107 366 2236 2875 1780 4936 
youilleath 1152 1468 4834 4053 4835 4180 
youadurith 3520 1127 3901 190 3319 3628 
samiaceais 613 3311 2762 2515 1405 564 
xani_or 69 4684 3450 72 3923 306 
belloculor 2271 4363 3669 467 3963 1221 
manequiator 2119 2467 4730 3070 3949 1050 
eva_o 4509 2950 2951 202 2416 4140 
bellilleum 170 4302 2625 2238 4214 371 
manhumy 2817 4434 4397 2298 1024 1315 
natoguiuso 4834 839 1731 2138 349 3424 
belloculy 2755 2282 4998 1468 3659 4366 
manorbis456 1724 4323 849 3319 678 4192 
evaanim123 4850 4069 145208 4812 2035 3204 
samequi007 4346 2322 397 3669 3952 3716 
bell-ox 2950 2062 3313 1601 95 2702 
samiaceaxia 425 1751 699 2690 2395 2246 
evailleox 4557 10 839 499 3594 1120 
evaorbisath 3341 4629 3720 4975 3337 4388 
xaniamoraath 1394 177 4672 4752 64 3994 
evahannimus 696 2951 483 945 4808 1378 
bell1007o 1221 2790 3580 3823 4462 2236 
bellilleo 1565 4406 1208 2716 1686 4831 
belleducitur 4868 4518 3888 1686 177 3627 
xani5678ix 2133 2577 3669 369106 4168 986175 
youobeo 2742 3863 3874 1722 2717 3850 
samadurix 2035 4961 2282 4346 3203 276 
xaniaesais 3321 3958 1261 1199 399 739 
manoculitur 3456 4711 2322 996 1601 1650 
xanioculy 1199 1489 448 4343 3560 469 
samamoraith 4703 439 2430 255 3370 2119 
eva1234456 4355 210 1405 4684 126 688 
you_or 2588 4733 3347 4396 334 4525 
manapoll789 3417 279 2824 4426 2978 3972 
bellhumaxia 4466 4372 3587 2708 4598 1833 
xanieduc007 143 476 2988 3290 1579 2701 
man1007 1141 4043 4672 1413 4330 4160 
eva5678itur 4961 260 1235 1601 4683 2845 
youille007 4782 1394 2231 1052 2696 78 
natoextritur 4752 3017 4311 1677 733849 1739 
manequi456 478 4835 519 2320 1872 1446 
sam_itur 2743 334 4010 1858 3456 4848 
samanimais 4659 2381 1946 2068 4824 3774 
xaniamoraaxia 2552 4976 1932 4046 1571 3414 
manorbisath 4624 3725 4525 1206 1494 1383 
man1234itur 4792 3785 3655 3471 2263 3335 
natoextrath 1045 205 3359 138 3572 2298 
evaobeitur 2755 2231 762 4142 4446 1721 
samorbisorex 733849 1478 4515 3338 828 4629 
manequiitur 3903 3823 1127 369106 1127 2468 
manamoraath 3098 3102 1834 3605 3370 1298 
belladur123 4649 3949 3143 2483 3465 3513 
xaniimac 652 2960 4693 3870 4986 2321 
man1007um 3098 240 1714 315 1142 1201 
manapollator 1412 3596 559 4406 4636 4049 
samadury 2344 792 1932 2807 4609 3471 
youilley 1676 2679 533 2898 4246 1214 
samapollator 4683 2123 2722 2652 1431 409 
youinept123 2416 4180 3587 2946 4742 849 
evahanny 2762 1150 1603 2945 126 2246 
xaniadur789 56 1654 615 3161 420 3642 
xaniguiusaxia 1889 4733 1571 4067 452 4509 
man1007or 3803 4311 526 2142 3102 3655 
samimacais 1151 2284 2142 1024 2515 210 
manequiox 3786 4899 682 3624 2752 2361 
xaniiaceox 4314 3014 4230 4096 255 564 
nato_axia 875 1571 3338 489 613 107 
youapollox 4363 2236 3169 2381 1351 4927 
manadurox 95 2425 2180 4255 3071 2690 
bell1234us 4733 875 2236 4253 3958 934 
evailleais 3520 3053 1120 1038 4340 1525 
manaesator 2865 3594 2193 1255 4936 78 
xaniamora 2722 794 2708 546 1468 2081 
belliuvith 3712 1535 4976 3879 3169 827 
evaimacimus 4793 3863 3950 4265 2588 403 
youextrimus 1183 2219 4868 2246 696 2474 
xani1234o 45556 2564 848 4581 1579 2340 
manimac007 2231 2577 1593 4190 4167 4214 
natoobeum 1680 3624 2070 2156 4409 1903 
natoapollox 2767 2038 4273 4142 3596 578 
samaesath 2692 2039 3580 4494 4515 2089 
sam-ix 2752 346 2743 2416 1217 138 
bellobey 1623 2219 3863 72 2006 3600 
belleduc007 3707 2825 22 428 3677 4234 
nato5678ais 4043 3311 3722 539 4868 4501 
nato1234us 685 4515 3939 4214 2298 1370 
nato-ath 138 678 1199 4278 2407 1222 
bellextry 1412 1450 4812 1540 2701 1739 
maniuvaxia 625 3688 4235 3235 4327 3870 
samadur789 3848 3996 2988 739 3251 4066 
xaniineptox 1649 839 4302 3587 1833 2142 
eva5678ath 4906 164 1394 1183 4437 2679 
natoocul456 3729 4190 4936 3145 4273 4049 
belliacey 1020 1151 1932 145208 3722 3725 
bell_ 478 362 2180 3321 2480 4904 
samequisitur 4998 103 4461 152 1802 2474 
evaguiusus 2951 4055 2135 4535 1456 828 
xanihum 907 1543 2174 45556 1851 2450 
evainept007 3773 1995 2153 198 1410 4251 
xaniocul123 996 4501 3973 478 3707 4278 
samextrath 3151 2070 1285 1655 3369 942 
natoorbiso 1889 4212 4930 380 876 949 
evahannus 1271 2860 4834 4703 3605 2322 
bellinepto 4142 469 3725 202 4020 4008 
sam1007o 501 2461 452 4782 3334 934 
eva1234ath 580 4839 1540 4193 239 1721 
xaniapollorex 2474 2689 3406 4762 352 72 
samineptith 2762 2696 1335 1889 4010 4703 
bellanimum 1225 2752 3766 449 580 3022 
sam1007orex 2135 3717 4832 4850 4725 4806 
natooculitur 4930 4255 4592 3937 1940 4556 
youapollum 685 1178 4711 2500 334 4160 
nato1234007 136 2142 848 2461 2708 4899 
nato1234123 4793 3359 1431 2328 4311 4731 
bell_ith 625 3696 4828 1983 4069 439 
bellguiusor 1941 2662 3249 3850 4340 4986 
natoilleaxia 1020 3112 4221 4008 2023 2762 
youimacum 4750 3450 4927 1786 255 2891 
you_itur 2105 2756 4923 3326 3162 4712 
natoapollitur 2322 3587 1780 2978 3633 2045 
manaes123 2216 3162 1472 1680 4693 838 
youoculox 420 4067 3844 4532 13 1686 
eva5678456 346 2321 2006 1298 2277 4853 
eva-123 276 3202 2320 1261 2300 3715 
bellextro 3761 3618 2845 118 658 2762 
manapolly 4703 75 2461 1255 3337 4659 
natoamoraus 4278 2858 132 4426 684 3251 
xaniadurais 3557 4792 2708 4740 73720 4692 
natoineptith 1780 1077 4278 4154 1261 4426 
youanimator 1840 2231 839 1530 1283 1096 
manapollith 2124 3143 4748 4446 3471 3996 
samanimorex 3168 475 3774 3326 962 1283 
evaguiusox 1275 3406 4217 1623 2824 2483 
man_789 1751 1039 279 2922 2062 3939 
samobe789 448 2002 170 2006 2692 4072 
evaaduritur 3369 2330 4493 4629 3717 306 
samextrox 4437 1302 1302 3716 1179 4399 
xanianim 4762 4192 2722 4724 3070 3949 
natoiaceith 3513 3901 4049 3456 138 3901 
evaequiy 4937 1677 95 255 876 2271 
evaorbisaxia 4750 3874 1066 1298 333 3347 
xaniaduro 3702 2802 1302 2324 3707 2298 
manaeso 4194 4792 1858 4066 3145 2265 
evaadurus 3923 3008 2321 2038 4683 4323 
belladur007 2978 2763 580 4726 3687 3874 
evaextrator 2951 4834 1571 533 4835 1204 
xaniextrator 3320 3347 1413 3481 403 1894 
youequisor 279 1948 4831 69 942 4849 
natoguiusum 425 3517 929 2807 3203 3761 
xaniapollith 1199 3014 1742 4750 2770 3600 
bellilleimus 2649 3424 625 2950 1189 3053 
belladurix 2425 48 4115 3313 3852 1946 
sameducus 2474 1983 1649 1425 993 3583 
youextry 1407 1201 69 276 4017 2138 
samimacum 3334 2430 4028 3870 1721 2932 
xaniaesator 4696 191 835 4239 3072 828 
eva1007ith 3621 3369 2474 3846 4782 4575 
xaniequiator 178 4028 3904 2752 1335 688 
evahumy 4020 4801 75 3151 3786 1217 
evaimaco 143 4629 3596 3786 2465 4426 
bell_us 4624 4434 3717 3093 2395 2548 
youiuvais 962 2802 1624 2767 2515 2722 
manorbisais 4581 2727 4228 447 4409 315 
evaanim 2296 178 893 338 3154 4703 
evaoculor 288 934 3338 369106 914 848 
youaesaxia 4636 4140 1050 4629 2246 3869 
evaguiusator 3195 942 4575 2089 3659 1673 
natooculimus 1649 733849 2577 519 848 3846 
youhannith 2777 2648 907 3707 4672 73720 
samiaceorex 2320 1141 1634 685 4728 682 
xani1234ix 2963 1456 949 333 3687 4679 
youguius 2318 499 2966 4311 1635 1478 
xani5678ath 1885 765 1267 794 613 2696 
maninept007 2133 1740 526 3107 511 4372 
evaamoraix 4831 257281 3903 2035 1494 2679 
natoilleo 3712 2755 3444 202 1302 4208 
nato-imus 191 1530 1543 694 3053 1383 
bellamoraox 546 576 4706 1410 2282 2812 
natoaduraxia 3513 2851 1077 945 4726 1151 
xanieducus 3557 983 3014 3748 1150 4693 
manorbisor 3214 499 1694 1378 191 4980 
evaequiaxia 1206 4975 863 4208 4824 4228 
youamoraitur 21 3014 1650 198 4517 2649 
bell1234ox 3659 4998 365 2039 2898 4532 
samineptum 2126 3628 3129 4849 3795 1839 
samequisator 1858 3790 3456 501 1961 664 
youimacix 2014 2099 2062 981 1283 257281 
maniuv007 3450 2442 2534 4940 2133 4801 
man-orex 2178 2552 3370 1476 876 4930 
bellequior 4806 2534 2530 2350 177 3846 
you_o 3254 4079 1411 1448 696 3583 
natoiuvix 4079 1858 4445 2690 2726 4607 
xaniamora456 1127 2515 3203 3870 2035 448 
xaniequisais 1235 2089 762 1038 1302 2238 
evaequisix 2552 194 4208 929 2845 4079 
bell-orex 502 52 2450 379 1298 4782 
sam-imus 2950 4663 334 3214 2719 2369 
nato1007007 1603 2875 3976 2246 1283 3596 
samadurorex 2416 1017 2613 469 4437 4629 
samhannus 4385 4012 3627 2262 4831 1694 
samextr456 3254 1096 3846 4208 55 4087 
manequi 717 1586 3254 2911 4311 3008 
belloculais 3202 4996 3650 1412 4636 2048 
natoilleix 1394 4251 4712 1649 3254 1579 
xanihannum 3014 4028 2530 358 2790 839 
natoineptaxia 4930 3067 221 3319 3766 1302 
bellineptais 4712 874 4778 3488 717 4980 
evaextritur 3605 2315 886 1721 48 2008 
manextrorex 2425 4820 4446 717 2963 3070 
samequi123 2717 1860 4607 3598 2613 934 
evaanimus 448 4985 4966 3722 447 2986 
evaeduc123 3631 4649 1601 1050 3508 2664 
sameducox 3729 3249 194 1014 929 1983 
xaniequiy 2556 4712 4246 1565 210 4322 
bellequisy 4052 3235 1014 2763 799 723 
evaineptus 4020 1335 2284 3795 4194 1892 
you1234axia 3206 4246 4801 3098 1150 984796 
belliace456 1206 4900 469 2461 4278 1723 
natoapollith 1099 2664 205 4839 3284 1577 
natooculy 4066 2911 4575 4168 4712 2726 
natoeduc123 2791 3334 2271 3334 2807 3823 
youhumorex 1565 4812 2606 3102 4010 2997 
xaniequio 1937 4679 3753 4575 4501 3647 
samaesith 2613 3406 4636 3669 2474 202 
evaaesox 3233 4100 3424 4388 907 2430 
sam1234um 1378 1221 2775 3313 1722 2807 
bellorbis 1578 1193 1740 1394 4997 191 
youequisix 1079 1125 4239 4828 1050 170 
belladurais 378 1894 1425 765 1214 625 
natoiuv007 981 58 3687 2156 4706 64 
youanimaxia 1894 72 3488 1371 306 4069 
xaniinept456 4748 3147 4996 1586 3852 3852 
xaniorbisath 3751 1540 1846 2752 2956 4683 
samilleum 1421 3707 3071 2825 2548 4961 
youineptox 1038 2552 4557 4964 1273 146 
samiaceor 2755 4187 4670 4729 56 4067 
youinept007 4791 4322 3631 3628 1045 4801 
evaobeox 3022 4907 2728 2300 794 2048 
evaamoraimus 2631 1885 893 3650 3949 362 
sam5678um 2648 3203 2193 1151 1665 1468 
belliuvitur 1291 3655 4998 2277 4975 69 
samanimimus 3795 3335 2407 1995 4725 564 
natoeducith 2690 3716 1125 996 3951 4257 
xaniguiusimus 3203 4214 1786 3445 118 3949 
samextrorex 4834 4190 4966 4692 3162 3112 
youaduro 3093 1285 13 2442 3786 2315 
youocul 475 352 3251 1839 688 376 
natoguiusais 3717 2156 4870 546 4670 949 
youanimimus 827 1860 4867 170 448 696 
xaniimacaxia 794 420 2625 4854 2922 118 
xaniextr123 4409 107 1586 1432 2277 103 
bellhannix 1826 4239 4372 2038 2945 2548 
manilleitur 1864 479 4066 2493 1826 141 
bellorbisum 2027 3774 4437 3022 3618 2421 
eva_um 2927 4515 3786 1125 4194 3326 
you1007orex 1370 2727 3790 723 1016 358 
evaanimorex 1858 739 3596 1024 45556 3023 
manaesix 2927 4409 1981 704 2369 152 
youextr007 170 1039 4053 3456 1839 3647 
nato_ath 4406 3122 4057 1892 428 1079 
xanieducais 1434 3846 499 4010 2530 362 
youhannitur 4870 4301 4712 1872 1011 4834 
nato1234ith 4126 4868 13 1410 4462 3722 
youapoll789 2767 4923 3870 1283 2300 2775 
xani1234us 3845 576 1014 1193 3456 4981 
xaniequisorex 3594 925 2081 379 3147 838 
manguiusator 1179 2596 2775 2106 4854 136 
xaniextritur 533 4160 4294 3369 4117 240 
natoorbisus 4624 1251 4466 1193 4446 4966 
man_y 1872 362 1152 4436 288 2474 
belladurum 4014 4372 1120 4835 1535 1421 
xaniextr 2898 1544 625 4750 2927 4986 
evaocul007 2648 3879 4750 1045 3187 3154 
you1234o 3369 1368 2300 1405 2133 813 
bellequius 2936 1681 2350 4782 4981 66 
man5678itur 376 2317 1434 3067 4839 654 
manhumitur 876 884 3513 3289 2963 3488 
manaesimus 13 2696 3517 3931 1030 4214 
manguiusath 1743 1039 3325 1892 3122 2345 
man-us 3803 3377 2564 1580 3795 2416 
bell-um 708 1221 3488 3325 4010 2530 
samineptator 2966 2277 1208 2070 4266 2722 
natoapollum 3606 3722 45556 1020 4791 564 
samoculaxia 1940 4706 929 708 937 2802 
eva1234o 4246 2679 2702 4904 1017 4387 
xaniguiusator 4452 2727 1933 4748 2662 4726 
bellguiusaxia 1017 475 3282 4239 4168 3093 
belliuvum 1864 1152 2493 146 55 4629 
belliaceox 3996 4607 2662 3417 1932 4725 
evaeducox 1164 1650 1634 610 4748 4242 
manguiusy 397 4900 3162 380 1017 838 
eva-ox 2271 3488 1846 765 2350 1314 
youequio 4346 3606 1411 986175 143 3150 
manobe456 3848 4930 4906 4806 4052 3790 
you_orex 2045 2702 2425 4659 2324 4466 
bellhannator 334 1840 4214 4168 539 439 
sam_axia 3268 2851 1586 3591 2596 4253 
manhannith 1479 3338 2845 2763 838 1044 
xaniequisath 2080 397 4067 2262 4445 870 
youinept789 4067 2381 4008 3424 2345 1588 
bellhannith 131 257281 2450 2986 1412 3010 
bellhannath 2577 533 2326 2901 1125 371 
natoequior 4354 260 2262 190 3937 1099 
evaapollo 1676 3204 4125 2775 3675 3659 
samamoraum 2124 1858 3958 3010 4556 4251 
bellextr456 467 992441 2082 3541 3313 3951 
samocul456 4033 3939 4592 1665 4278 3687 
saminept 4509 255 2300 3785 4466 1120 
youilleitur 4763 3659 4053 4446 4340 914 
evahumath 4346 3322 3587 2089 1218 3414 
nato1007orex 1020 539 4228 3774 4156 1014 
nato-456 625 4517 3716 1152 1227 1222 
evahannaxia 10 3072 3850 4397 2631 4831 
bell1234ith 3071 3823 48 1178 3187 3017 
xani1234y 4087 615 1941 52 4587 4069 
nato- 4870 886 656 1723 1711 3677 
sam1007y 3715 2689 2231 3560 1751 2704 
evaaesitur 4053 762 1120 2105 2324 4819 
samamoraox 64 4587 949 3541 1204 739 
manimac456 4679 2135 2901 996 1030 3169 
natoilleitur 3107 4278 3214 1721 1751 3414 
manineptix 4957 3377 3863 4663 2936 1207 
evainepto 4079 3618 379 3369 143 4872 
xaniineptum 1701 1961 3235 1624 3204 3560 
samhannais 1655 3633 3026 1045 4607 2791 
bell1234456 2439 3023 4424 4301 4953 2743 
manadur 3061 4684 286 4276 2007 4266 
manextror 2588 4834 4251 1540 80 3204 
xaniequisaxia 4957 1834 132 1759 4257 708 
youobeath 4397 2048 4966 3687 3140 2350 
evahumaxia 2081 2124 1432 1540 1818 2219 
bellequi 3939 1343 4683 593 4772 1413 
youaduror 664 2126 1915 1066 2246 1285 
samilleais 1370 4904 627 13 3342 4517 
samhannorex 3958 3761 1044 260 4870 4937 
bellanim789 403 3233 141 3621 4049 4975 
manhannox 2450 4462 3017 4683 4033 321 
man_itur 2335 3334 2727 2465 1425 949 
natoanimix 4525 813 1786 708 893 1193 
natoiuvus 863 4940 2649 3161 2613 2807 
youguiusator 3140 4401 609 2802 4672 2649 
xaniiaceimus 78 2457 4532 2354 3702 2238 
manequi123 2012 2048 4711 4385 796 4586 
evaineptor 1544 366 3949 4985 3931 2631 
samguiusorex 3377 2442 3896 3479 3053 1251 
samaduraxia 2807 2081 2775 2588 2082 4487 
belliuvix 537 2296 3562 1432 2178 4907 
samhumimus 1833 3184 1207 4406 3616 4242 
sam5678axia 3594 2350 4679 4020 2039 685 
xanianimix 3659 1673 4791 2515 1255 2812 
evaequisator 1315 3973 3520 2467 1201 284 
bellequis 3951 4005 2326 849 3282 2986 
manguiusix 3481 1314 2966 4729 4126 4424 
evaorbis 1207 4314 1096 4586 3795 2344 
samille456 3031 2027 2416 490 622 1746 
manineptimus 4980 1030 2960 1096 4659 3903 
nato1234 2817 576 1594 2296 2354 3444 
belliaceo 1751 3249 2354 2902 2174 2369 
evahumator 1858 3600 379 3996 4812 3702 
evaanimor 1535 2613 1694 3016 2263 2246 
xaniimacath 986175 4055 3951 755 4793 420 
xani-axia 3359 501 1594 4426 4008 1946 
bellobeo 1802 4986 4020 2461 392 1892 
bellobeor 2216 3249 397 4609 4208 3424 
man1007123 901 2845 3513 907 4752 1164 
manhann 1714 1476 1038 3320 3071 3950 
sam-123 1851 476 3903 346 4778 2174 
natoimacator 3168 1045 2552 3187 2001 3098 
xanioculum 1201 2995 1255 2548 4808 4253 
nato1234o 22 2939 4466 805 4043 1208 
belloculith 2845 4598 3971 4046 73720 3844 
mangesh 257281 2951 2262 4806 2395 1081 
abhijeet 2497 42278 1822 4581 366 4017 
sachin_007 2254 3650 2174 45556 1024 2238 
balbeer_011 2421 984796 3311 3844 1283 1865 
amangupta 4854 4096 986175 365 4311 3624 
anirban 1052 3790 993 409 145208 875 
ayush001 4808 4819 992441 3370 4429 3757 
abhishek003 875 260 4748 3023 73720 379 
sunny1234 1543 3513 2119 4848 1535 369106 
harsh2021 733849 72 4242 2480 2845 1235 
